#the number of patterns to be recognized
6

#marker 1
../data/multi/patt.a
40.0
0.0 0.0
1.0000 0.0000 0.0000 0.0000
0.0000 1.0000 0.0000 0.0000
0.0000 0.0000 1.0000 0.0000

#marker 2
../data/multi/patt.b
40.0
0.0 0.0
1.0000 0.0000 0.0000  0.0000
0.0000 1.0000 0.0000    0.0000
0.0000 0.0000 1.0000    0.0000

#marker 3
../data/multi/patt.c
40.0
0.0 0.0
1.0000 0.0000 0.0000  0.0000
0.0000 1.0000 0.0000    0.0000
0.0000 0.0000 1.0000    0.0000

#marker 4
../data/multi/patt.d
40.0
0.0 0.0
1.0000 0.0000 0.0000    0.0000
0.0000 1.0000 0.0000 -100.0000
0.0000 0.0000 1.0000    0.0000

#marker 5
../data/multi/patt.g
40.0
0.0 0.0
1.0000 0.0000 0.0000  100.0000
0.0000 1.0000 0.0000 -100.0000
0.0000 0.0000 1.0000    0.0000

#marker 6
../data/multi/patt.hiro
40.0
0.0 0.0
1.0000 0.0000 0.0000  200.0000
0.0000 1.0000 0.0000 -100.0000
0.0000 0.0000 1.0000    0.0000
